+0000000000
+0000000001
+0000000300
+0000000000
+0000000000
+0000000000
+0000000000
+0000000000
+0000000000
+0000000000
+0000000000
+0000000000
+0000000000
+9999999999
+8000000004
+8000000005
-6005300003
+7003004001
-1004001012
+0000000003
+0003000006
+1003001007
+6300006009
+6300007010
-5009010012
+0007000006
+7007004008
-5006003006
+6300003008
+6300006009
-6009300003
-6008300006
+7003012006
+9000000000
+9999999999
+0000000010
+0000000001
+0000000005
+0000000003
+0000000004
+0000000002
+0000000009
+0000000008
+0000000006
+0000000007
+0000000010